[0,
 0,
 0,
 0,
 0,
 6940158573485767169443582872275118843545217792197971962103010557916847970940437712181778807436191892307187137338300231,
 0,
 0,
 6940158573485767169443582872275118843545217792197971962103010557916847970940437712181778807436191892307187137338300231,
 0,
 0,
 0,
 0,
 0,
 0,
 0,
 6940158573485767169443582872275118843545217792197971962103010557916847970940437712181778807436191892307187137338300231,
 0,
 0,
 0,
 0,
 0,
 0,
 0,
 0,
 0,
 0,
 6940158573485767169443582872275118843545217792197971962103010557916847970940437712181778807436191892307187137338300231,
 0,
 0,
 0,
 0,
 6940158573485767169443582872275118843545217792197971962103010557916847970940437712181778807436191892307187137338300231,
 0,
 0,
 6940158573485767169443582872275118843545217792197971962103010557916847970940437712181778807436191892307187137338300231,
 0,
 0,
 0,
 0,
 0,
 0,
 0,
 0,
 0,
 6940158573485767169443582872275118843545217792197971962103010557916847970940437712181778807436191892307187137338300231,
 0,
 0,
 0]